Process №0
Process{
	file=File{type=MEDIUM, size=118, blocks=[1, 3, 5, 7, 9, 11, 13, 15, 16, 17, 18, 19, 21, 23, 24, 26, 28, 30, 32, 34, 36, 38, 40, 42, 44, 46, 47, 48, 50, 52, 54, 55, 57, 58, 59, 61, 63, 65, 67, 69, 71, 72, 73, 75, 76, 78, 80, 82, 83, 85, 87, 88, 90, 92, 94, 96, 98, 99, 101, 103, 105, 107, 109, 111, 113, 115, 117, 119, 121, 122, 123, 124, 126, 128, 130, 132, 134, 135, 137, 139, 140, 141, 143, 144, 146, 147, 149, 151, 153, 154, 156, 158, 160, 161, 163, 165, 167, 169, 171, 173, 175, 177, 178, 180, 182, 184, 185, 187, 189, 190, 191, 192, 194, 195, 197, 199, 201, 203]}
	readOnly=true
	requestStyle=RANDOM
}

Process №1
Process{
	file=File{type=LARGE, size=386, blocks=[205, 207, 208, 209, 211, 213, 214, 216, 218, 220, 222, 224, 226, 228, 230, 231, 233, 235, 236, 238, 240, 241, 243, 245, 247, 249, 250, 251, 252, 254, 256, 257, 259, 260, 262, 264, 265, 266, 268, 270, 272, 274, 276, 278, 279, 281, 283, 285, 286, 287, 289, 290, 292, 294, 296, 298, 300, 302, 304, 306, 308, 310, 312, 314, 316, 318, 319, 320, 321, 322, 324, 325, 327, 329, 331, 333, 335, 337, 339, 340, 342, 343, 344, 346, 347, 348, 350, 351, 353, 355, 356, 358, 359, 360, 362, 363, 365, 367, 368, 370, 372, 374, 375, 377, 379, 381, 383, 385, 387, 389, 390, 392, 393, 395, 397, 398, 400, 401, 403, 404, 405, 406, 408, 409, 411, 413, 415, 417, 419, 421, 423, 425, 426, 428, 430, 431, 433, 434, 436, 438, 440, 442, 443, 445, 447, 449, 451, 452, 453, 455, 457, 459, 461, 463, 465, 467, 468, 470, 472, 473, 475, 477, 479, 481, 482, 483, 485, 487, 488, 490, 492, 494, 495, 496, 498, 500, 502, 504, 506, 508, 509, 511, 512, 514, 515, 517, 519, 520, 522, 524, 525, 526, 528, 530, 532, 533, 535, 537, 539, 541, 542, 544, 545, 547, 548, 550, 552, 554, 556, 558, 560, 562, 564, 566, 567, 569, 571, 573, 575, 576, 578, 579, 581, 583, 585, 587, 588, 590, 592, 593, 595, 596, 598, 600, 602, 604, 605, 607, 608, 610, 612, 613, 615, 616, 617, 618, 619, 621, 623, 625, 626, 627, 628, 630, 632, 634, 635, 637, 639, 640, 641, 643, 645, 647, 648, 650, 652, 654, 656, 658, 660, 662, 664, 666, 667, 669, 671, 673, 675, 677, 679, 681, 682, 684, 685, 686, 687, 689, 691, 692, 694, 696, 697, 699, 701, 703, 704, 706, 708, 710, 712, 714, 716, 718, 720, 722, 724, 725, 727, 729, 731, 732, 733, 735, 737, 739, 740, 742, 744, 745, 747, 749, 750, 751, 752, 754, 756, 757, 759, 760, 762, 764, 766, 768, 770, 772, 774, 776, 777, 778, 780, 782, 784, 786, 787, 789, 791, 793, 794, 795, 797, 798, 799, 801, 802, 804, 806, 808, 810, 812, 814, 816, 818, 820, 822, 824, 826, 827, 828, 830, 832, 833, 835, 836, 838, 839, 841, 843, 844, 845, 847, 848, 850, 852, 853, 855]}
	readOnly=false
	requestStyle=SEQUENTIAL
}

Process №2
Process{
	file=File{type=MEDIUM, size=81, blocks=[857, 858, 860, 862, 864, 865, 867, 869, 870, 872, 874, 875, 877, 878, 880, 881, 883, 885, 886, 887, 889, 891, 892, 894, 896, 898, 900, 901, 903, 905, 907, 909, 910, 912, 914, 916, 918, 920, 922, 924, 925, 927, 928, 930, 932, 934, 936, 938, 940, 941, 943, 944, 946, 948, 950, 952, 954, 956, 957, 958, 960, 961, 963, 965, 967, 968, 970, 972, 974, 976, 978, 980, 981, 982, 984, 985, 986, 988, 990, 992, 994]}
	readOnly=true
	requestStyle=RANDOM
}

Process №3
Process{
	file=File{type=MEDIUM, size=110, blocks=[996, 997, 998, 1000, 1002, 1004, 1005, 1006, 1007, 1008, 1010, 1012, 1014, 1016, 1017, 1018, 1019, 1021, 1022, 1024, 1026, 1028, 1030, 1032, 1034, 1036, 1038, 1040, 1041, 1042, 1044, 1046, 1048, 1050, 1051, 1053, 1055, 1057, 1059, 1060, 1062, 1064, 1065, 1067, 1069, 1070, 1072, 1073, 1075, 1077, 1078, 1080, 1082, 1084, 1086, 1088, 1090, 1092, 1094, 1096, 1097, 1099, 1101, 1102, 1104, 1106, 1107, 1108, 1109, 1111, 1113, 1114, 1116, 1118, 1120, 1122, 1124, 1125, 1126, 1127, 1129, 1131, 1132, 1133, 1135, 1137, 1139, 1141, 1142, 1144, 1146, 1148, 1149, 1151, 1152, 1153, 1155, 1157, 1158, 1160, 1162, 1163, 1164, 1166, 1168, 1169, 1171, 1172, 1174, 1176]}
	readOnly=true
	requestStyle=RANDOM
}

Process №4
Process{
	file=File{type=MEDIUM, size=102, blocks=[1178, 1180, 1182, 1184, 1186, 1188, 1189, 1190, 1192, 1194, 1195, 1197, 1198, 1199, 1201, 1203, 1205, 1207, 1209, 1211, 1212, 1214, 1216, 1218, 1220, 1222, 1223, 1224, 1226, 1228, 1229, 1231, 1233, 1235, 1236, 1238, 1240, 1241, 1243, 1245, 1247, 1249, 1251, 1253, 1255, 1257, 1259, 1260, 1262, 1264, 1266, 1268, 1269, 1271, 1273, 1275, 1277, 1278, 1279, 1281, 1283, 1285, 1287, 1289, 1291, 1293, 1295, 1296, 1298, 1300, 1302, 1304, 1306, 1308, 1310, 1312, 1314, 1316, 1317, 1319, 1321, 1323, 1324, 1326, 1327, 1328, 1330, 1332, 1334, 1336, 1338, 1339, 1341, 1343, 1345, 1347, 1349, 1351, 1352, 1353, 1355, 1357]}
	readOnly=true
	requestStyle=RANDOM
}

Process №5
Process{
	file=File{type=SMALL, size=6, blocks=[1359, 1360, 1362, 1364, 1366, 1367]}
	readOnly=false
	requestStyle=RANDOM
}

Process №6
Process{
	file=File{type=SMALL, size=1, blocks=[1369]}
	readOnly=false
	requestStyle=RANDOM
}

Process №7
Process{
	file=File{type=LARGE, size=170, blocks=[1371, 1373, 1375, 1376, 1378, 1380, 1382, 1384, 1386, 1388, 1390, 1392, 1393, 1395, 1396, 1398, 1400, 1402, 1404, 1405, 1407, 1409, 1411, 1413, 1415, 1416, 1418, 1419, 1421, 1422, 1424, 1426, 1428, 1430, 1432, 1434, 1436, 1438, 1439, 1440, 1441, 1443, 1445, 1446, 1448, 1449, 1450, 1452, 1454, 1456, 1457, 1458, 1460, 1461, 1463, 1464, 1466, 1468, 1470, 1471, 1473, 1475, 1477, 1479, 1481, 1482, 1484, 1486, 1487, 1489, 1490, 1492, 1494, 1496, 1498, 1499, 1501, 1502, 1503, 1504, 1506, 1508, 1510, 1512, 1513, 1515, 1517, 1519, 1520, 1522, 1524, 1526, 1528, 1530, 1532, 1534, 1536, 1538, 1540, 1542, 1544, 1546, 1548, 1550, 1552, 1554, 1556, 1558, 1560, 1562, 1564, 1565, 1566, 1567, 1569, 1571, 1572, 1573, 1575, 1576, 1578, 1580, 1582, 1583, 1585, 1587, 1589, 1591, 1593, 1595, 1597, 1599, 1601, 1603, 1604, 1606, 1608, 1609, 1611, 1613, 1614, 1616, 1617, 1618, 1620, 1622, 1623, 1625, 1627, 1629, 1630, 1632, 1634, 1635, 1637, 1639, 1641, 1643, 1645, 1647, 1648, 1650, 1652, 1654, 1655, 1657, 1659, 1661, 1663, 1664]}
	readOnly=true
	requestStyle=RANDOM
}

Process №8
Process{
	file=File{type=MEDIUM, size=110, blocks=[1666, 1668, 1670, 1671, 1672, 1674, 1676, 1678, 1680, 1682, 1684, 1686, 1687, 1689, 1690, 1692, 1693, 1694, 1696, 1697, 1699, 1701, 1703, 1704, 1706, 1708, 1709, 1710, 1712, 1714, 1716, 1718, 1720, 1722, 1724, 1725, 1727, 1729, 1731, 1733, 1734, 1736, 1738, 1740, 1742, 1744, 1746, 1748, 1750, 1752, 1753, 1755, 1756, 1758, 1760, 1762, 1764, 1766, 1767, 1768, 1769, 1771, 1773, 1775, 1777, 1778, 1779, 1781, 1783, 1785, 1787, 1789, 1791, 1793, 1795, 1796, 1797, 1798, 1799, 1801, 1803, 1805, 1807, 1809, 1811, 1813, 1814, 1816, 1818, 1820, 1821, 1822, 1824, 1825, 1826, 1827, 1829, 1830, 1831, 1833, 1835, 1837, 1838, 1840, 1841, 1843, 1845, 1847, 1848, 1850]}
	readOnly=false
	requestStyle=RANDOM
}

Process №9
Process{
	file=File{type=SMALL, size=8, blocks=[1852, 1854, 1856, 1858, 1860, 1862, 1864, 1866]}
	readOnly=true
	requestStyle=RANDOM
}




Total completed requests: 100000
Simulation time: 14700210 ms
Average RPS: 6.80262390809383
